0.000000 0.453173 0.291342 0.112426 0.083755 0.466359 0.283687 2.000000 0.489955 0.287289 2.000000 0.481627 0.309804 2.000000 0.439988 0.315208 2.000000 0.456643 0.316108 2.000000
0.000000 0.564494 0.355091 0.069729 0.045244 0.544086 0.358436 2.000000 0.571845 0.351231 2.000000 0.548249 0.365641 2.000000 0.554700 0.370087 2.000000 0.566452 0.368054 2.000000
0.000000 0.665562 0.445579 0.074430 0.058462 0.646367 0.442783 2.000000 0.680056 0.442275 2.000000 0.654985 0.454475 2.000000 0.657335 0.461084 2.000000 0.669087 0.461084 2.000000
0.000000 0.776424 0.496923 0.076781 0.057445 0.760754 0.497178 2.000000 0.799144 0.504295 2.000000 0.783475 0.513445 2.000000 0.765455 0.517004 2.000000 0.777207 0.520054 2.000000
0.000000 0.875533 0.438716 0.074430 0.046769 0.847720 0.438716 2.000000 0.872791 0.433124 2.000000 0.853988 0.449900 2.000000 0.859472 0.453967 2.000000 0.871224 0.452950 2.000000
0.000000 0.777990 0.350261 0.073647 0.051853 0.760754 0.344669 2.000000 0.794443 0.355853 2.000000 0.767805 0.358903 2.000000 0.755270 0.360428 2.000000 0.771723 0.366020 2.000000
0.000000 0.869657 0.346448 0.067379 0.050328 0.844586 0.338060 2.000000 0.863389 0.334502 2.000000 0.847720 0.347211 2.000000 0.854771 0.357378 2.000000 0.866523 0.355345 2.000000
0.000000 0.503162 0.355548 0.056880 0.055920 0.505747 0.349956 2.000000 0.523846 0.354989 2.000000 0.516951 0.363936 2.000000 0.499715 0.366173 2.000000 0.516951 0.370087 2.000000
0.000000 0.134590 0.390828 0.071225 0.044366 0.113223 0.392677 2.000000 0.138864 0.382972 2.000000 0.127468 0.399609 2.000000 0.131741 0.402844 2.000000 0.143137 0.398685 2.000000
0.000000 0.106125 0.437043 0.049857 0.045290 0.099003 0.436119 2.000000 0.108974 0.429187 2.000000 0.117521 0.438429 2.000000 0.116809 0.444437 2.000000 0.123219 0.443051 2.000000
0.000000 0.153577 0.506857 0.030336 0.033216 0.160213 0.506857 2.000000 0.151681 0.506242 2.000000 0.157369 0.509932 2.000000 0.159265 0.515468 2.000000 0.153577 0.516084 2.000000
