0.000000 0.092087 0.334070 0.026113 0.047932 0.093400 0.328109 2.000000 0.093814 0.326163 2.000000 0.101275 0.333218 2.000000 0.098097 0.347817 2.000000 0.099341 0.346114 2.000000
0.000000 0.149230 0.357103 0.033285 0.046228 0.155071 0.363407 2.000000 0.155573 0.360974 2.000000 0.149795 0.372254 2.000000 0.145525 0.376014 2.000000 0.145776 0.374687 2.000000
0.000000 0.218897 0.303109 0.026251 0.055231 0.211298 0.296905 2.000000 0.225667 0.296661 2.000000 0.217239 0.310287 2.000000 0.214199 0.320749 2.000000 0.219311 0.321235 2.000000
0.000000 0.258124 0.376014 0.036044 0.079989 0.249848 0.358364 2.000000 0.256285 0.362898 2.000000 0.241205 0.378443 2.000000 0.249297 0.387510 2.000000 0.251136 0.389453 2.000000
0.000000 0.329212 0.272297 0.034541 0.082725 0.331699 0.271567 2.000000 0.342476 0.269134 2.000000 0.345101 0.283246 2.000000 0.331285 0.294681 2.000000 0.335292 0.291032 2.000000
0.000000 0.440639 0.310474 0.041338 0.086982 0.444591 0.303382 2.000000 0.446415 0.302044 2.000000 0.460701 0.325060 2.000000 0.443983 0.329343 2.000000 0.445503 0.326666 2.000000
0.000000 0.509872 0.330381 0.024165 0.054063 0.517699 0.326634 2.000000 0.514203 0.320478 2.000000 0.517091 0.339748 2.000000 0.512379 0.346707 2.000000 0.511619 0.342424 2.000000
0.000000 0.537032 0.277912 0.027204 0.062092 0.534372 0.263995 2.000000 0.543187 0.271488 2.000000 0.537564 0.280588 2.000000 0.530876 0.289688 2.000000 0.534828 0.293435 2.000000
0.000000 0.574343 0.325158 0.030707 0.085423 0.563371 0.313225 2.000000 0.574497 0.311266 2.000000 0.562036 0.333210 2.000000 0.564832 0.347860 2.000000 0.573830 0.347316 2.000000
0.000000 0.645429 0.311167 0.035107 0.089498 0.644426 0.294386 2.000000 0.657967 0.293209 2.000000 0.660809 0.320882 2.000000 0.649107 0.336486 2.000000 0.655961 0.335308 2.000000
0.000000 0.785988 0.282895 0.021384 0.051915 0.782666 0.274669 2.000000 0.792735 0.274121 2.000000 0.787648 0.288014 2.000000 0.783392 0.298068 2.000000 0.789932 0.298250 2.000000
0.000000 0.875659 0.326146 0.028261 0.054634 0.873210 0.335767 2.000000 0.885016 0.331786 2.000000 0.878485 0.345279 2.000000 0.875219 0.347933 2.000000 0.881499 0.347269 2.000000
